46.395208 11.295816 46.39531 11.296136
46.39531 11.295871 46.395397 11.296191
46.395397 11.295909 46.3954865 11.296229
46.3954865 11.295969 46.3955905 11.296289
46.3955905 11.296026 46.3956925 11.296346
46.3956925 11.296086 46.3957945 11.296406
46.3957945 11.296146 46.395882 11.296466
46.395882 11.29619 46.3959695 11.29651
46.3959695 11.296252 46.396069 11.296572
46.396069 11.296314 46.3961675 11.296634
46.3961675 11.296376 46.3962675 11.296696
46.3962675 11.29644 46.3963735 11.29676
46.3963735 11.29651 46.3964735 11.29683
46.3964735 11.296567 46.3965675 11.296887
46.3965675 11.29663 46.396679 11.29695
46.396679 11.296709 46.3967905 11.297029
46.3967905 11.296773 46.396891 11.297093
46.396891 11.296839 46.396992 11.297159
46.396992 11.296903 46.3970795 11.297223
46.3970795 11.296951 46.3971715 11.297271
46.3971715 11.297022 46.397276 11.297342
46.397276 11.297087 46.397376 11.297407
46.397376 11.297152 46.397476 11.297472
46.397476 11.297217 46.397581 11.297537
46.397581 11.297289 46.39768 11.297609
46.39768 11.297347 46.397773 11.297667
46.397773 11.297411 46.397872 11.297731
46.397872 11.297476 46.397971 11.297796
46.397971 11.29754 46.398058 11.29786
46.398058 11.29759 46.398149 11.29791
46.398149 11.297659 46.398251 11.297979
46.398251 11.297724 46.3983505 11.298044
46.3983505 11.29779 46.3984505 11.29811
46.3984505 11.297855 46.398542 11.298175
46.398542 11.29791 46.398632 11.29823
46.398632 11.297974 46.3987295 11.298294
46.3987295 11.298039 46.3988295 11.298359
46.3988295 11.298106 46.398928 11.298426
46.398928 11.298169 46.399027 11.298489
46.399027 11.298235 46.399134 11.298555
46.399134 11.298308 46.3992395 11.298628
46.3992395 11.298372 46.39934 11.298692
46.39934 11.298437 46.399441 11.298757
46.399441 11.298501 46.3995335 11.298821
46.3995335 11.298556 46.399632 11.298876
46.399632 11.298629 46.399738 11.298949
46.399738 11.298693 46.399838 11.299013
46.399838 11.298758 46.3999305 11.299078
46.3999305 11.298813 46.400023 11.299133
46.400023 11.298878 46.400123 11.299198
46.400123 11.298942 46.4002245 11.299262
46.4002245 11.299009 46.4003265 11.299329
46.4003265 11.299074 46.4004255 11.299394
46.4004255 11.299137 46.4005245 11.299457
46.4005245 11.299202 46.4006255 11.299522
46.4006255 11.299268 46.400726 11.299588
46.400726 11.299333 46.4008275 11.299653
46.4008275 11.299401 46.4009285 11.299721
46.4009285 11.299466 46.401028 11.299786
46.401028 11.299532 46.4011285 11.299852
46.4011285 11.299598 46.4012295 11.299918
46.4012295 11.299664 46.401332 11.299984
46.401332 11.299733 46.401433 11.300053
46.401433 11.299798 46.4015325 11.300118
46.4015325 11.299864 46.4016335 11.300184
46.4016335 11.299931 46.4017345 11.300251
46.4017345 11.299998 46.4018365 11.300318
46.4018365 11.300066 46.401937 11.300386
46.401937 11.300131 46.4020365 11.300451
46.4020365 11.300197 46.4021375 11.300517
46.4021375 11.300263 46.4022385 11.300583
46.4022385 11.300329 46.402341 11.300649
46.402341 11.300396 46.402442 11.300716
46.402442 11.300459 46.402542 11.300779
46.402542 11.300525 46.4026435 11.300845
46.4026435 11.30059 46.4027445 11.30091
46.4027445 11.300655 46.4028465 11.300975
46.4028465 11.300722 46.4029475 11.301042
46.4029475 11.300787 46.4030475 11.301107
46.4030475 11.300852 46.4031545 11.301172
46.4031545 11.300927 46.4032565 11.301247
46.4032565 11.300986 46.4033525 11.301306
46.4033525 11.301052 46.4034535 11.301372
46.4034535 11.301118 46.4035535 11.301438
46.4035535 11.301182 46.4036545 11.301502
46.4036545 11.301249 46.4037555 11.301569
46.4037555 11.301313 46.4038565 11.301633
46.4038565 11.30138 46.4039575 11.3017
46.4039575 11.301444 46.4040575 11.301764
46.4040575 11.30151 46.4041595 11.30183
46.4041595 11.301578 46.4042615 11.301898
46.4042615 11.301644 46.4043625 11.301964
46.4043625 11.30171 46.404462 11.30203
46.404462 11.301775 46.4045615 11.302095
46.4045615 11.301841 46.404662 11.302161
46.404662 11.301907 46.4047625 11.302227
46.4047625 11.301973 46.4048645 11.302293
46.4048645 11.302041 46.4049655 11.302361
46.4049655 11.302106 46.405065 11.302426
46.405065 11.302172 46.405165 11.302492
